2972
2925
276
822
3679
8
4698
4012
3359
2495
2159
3032
740
4398
2357
2016
428
1105
4047
2194
4753
1738
15
889
1016
538
4292
2173
1742
40
4907
1707
881
1513
2811
204
4401
124
890
1828
695
2208
4246
213
3609
656
2010
3789
959
3784
2806
1352
4219
2014
781
48
1029
4034
265
51
564
4659
1043
4212
745
2386
1529
1176
1699
2909
2416
1233
4843
1974
3561
3200
4614
4488
4806
3043
896
1703
863
438
3014
2283
16
3229
3053
1811
2075
4070
2909
186
2836
4147
721
766
3831
2823
2444
3192
497
1993
4191
3733
3661
2707
200
1703
4818
1656
1975
4436
4958
3825
1863
4491
682
335
1914
1975
698
2017
3328
3265
3572
4602
3245
4278
4791
3241
2823
4695
3136
1394
471
3156
4531
529
4842
129
4978
2466
388
4489
2526
1075
3281
1011
3121
2347
2499
2518
469
3418
4903
2975
4362
3487
89
3236
2049
2556
3656
4187
291
1862
908
1828
3339
4195
1874
4159
2397
2411
3387
4252
2373
1128
2869
2825
223
3711
4708
818
3147
886
4895
856
1432
1310
1172
734
340
1951
3847
242
1258
3582
2465
1009
1600
4001
3162
3267
3789
2848
3643
128
2097
1762
2979
2184
2122
2151
675
4903
1573
2949
3249
2643
35
1184
2187
4349
2010
806
921
1064
3707
3991
1429
2462
1284
3366
1919
3781
3611
3815
3882
2779
3960
3995
4014
3279
3791
624
709
3235
3808
2389
3322
4275
2215
3352
1052
808
1901
2458
2359
1394
1114
71
833
3388
4055
2586
3939
428
4066
2714
2114
4751
4244
983
4568
724
2090
390
1186
1615
2456
1038
2154
4037
1983
4140
1338
2284
3430
1127
2905
3251
594
2284
2094
2302
1367
621
3982
191
3916
333
3985
1204
4994
449
1414
113
3606
351
4531
1592
1300
219
4017
1009
1950
1796
3348
4709
4540
240
4460
2170
4800
1977
4336
3767
2217
1575
668
2982
2805
3378
2156
3772
3194
1623
4463
3325
3805
3807
2497
1447
4248
1087
2979
4124
1408
4570
4975
2504
2226
2236
1707
2843
4538
3055
3827
3011
3254
356
1947
1881
4881
1045
3043
3905
548
1230
3430
824
3127
1897
4821
2679
4887
2570
277
2329
2123
893
3837
2455
2434
4708
4812
1496
3660
1005
4941
1623
1470
4620
4663
1914
3411
2953
2870
4494
2657
610
3893
3462
3485
119
1683
3529
2358
2332
1254
4916
3003
1697
4380
1044
3410
3739
2163
1345
145
4409
2425
1810
4501
897
1330
2329
3526
2357
2754
1604
1158
856
3562
1038
2381
135
1110
4871
4517
1509
1598
131
1572
1744
4160
4079
3999
1581
638
2647
210
63
4899
2823
476
1627
4438
968
385
1462
1369
4411
3554
3333
3764
3279
514
4688
3110
889
911
3539
3976
3788
1161
1408
1037
2800
3124
1276
960
4839
1685
3790
3224
253
4656
490
1168
3754
378
1193
4010
3818
2057
3407
3463
4910
2368
4049
2830
2775
4903
2269
330
2199
1757
4794
4082
1376
766
1021
3296
3144
993
2260
862
4043
2035
778
3219
960
4415
3848
1086
2075
3998
2484
523
2200
69
1896
2455
1621
842
591
4953
229
441
4749
2666
2537
4595
1013
829
1394
460
1743
189
3698
4877
2557
3141
1564
3531
3915
650
652
608
1551
4410
2238
3619
742
2497
4070
3513
3409
3682
1583
1271
4342
4343
2716
703
4740
2092
1855
2119
4188
2268
3958
584
4921
4109
2126
1090
3548
3600
1310
1283
1654
2493
216
4958
1221
1616
2755
2801
3593
4649
1457
3199
3627
4373
3884
3861
1835
1505
2286
1572
3403
2187
2205
119
4431
3273
2703
1748
1086
489
1802
1262
3512
3819
700
1069
1343
4741
1420
423
3833
809
1452
221
3463
495
3013
3955
2075
2452
3180
2362
2653
3744
3784
3465
1137
184
2326
3915
3808
2659
2073
4400
673
2127
2951
2653
3304
3478
3959
3159
1342
4616
1125
489
3588
2768
678
324
1334
4651
4629
63
354
4291
733
859
4008
3022
4457
481
2570
4305
3764
1999
349
3971
614
1723
1614
2092
317
104
4104
2162
3270
2644
2449
3090
972
106
3085
1789
1730
4112
2134
2995
214
4261
3196
1954
3031
268
525
4141
2682
410
2051
2018
3130
1391
1740
2347
1717
3110
4533
3416
4727
1146
3194
1210
3117
383
4451
4210
1360
2527
4111
309
4649
560
1763
4089
3310
2203
4731
200
861
2193
4148
4481
2851
4578
3409
2793
4181
4399
3973
368
4253
1014
407
1151
2462
375
2227
2120
76
2594
4896
2617
2847
776
146
152
3558
1420
2715
1496
509
3795
2706
2890
4351
1669
3540
1913
1780
2605
3410
2325
931
3108
4612
3374
3691
2471
2239
3090
2885
3749
1842
3097
2323
1154
2327
2463
4328
1879
2620
3852
2930
2046
296
4980
3678
3114
898
3788
824
1417
2814
4323
227
3969
3828
732
35
350
3712
2711
2800
4679
2814
4194
3941
2033
2409
1419
52
3088
2680
1599
4011
4913
247
129
1074
4112
2669
1304
3289
1017
4973
3307
669
1891
2246
2291
4779
2326
329
1094
2179
350
3212
2158
441
2203
3060
2501
4033
450
999
3993
4772
2866
4562
1365
197
1651
1944
176
381
4148
1442
3896
2437
2966
2369
2924
2076
4358
246
383
2256
1180
3354
1179
3702
1412
543
3755
2712
1398
3920
4089
2785
721
1364
4910
40
4407
4895
3009
1592
3142
999
1445
1746
1019
192
4497
174
374
4250
3079
4935
4831
1844
3258
2999
1446
4376
2189
3285
3496
279
599
3308
2746
3843
4467
681
2973
1644
1766
4242
4687
3168
2494
3605
1270
888
2309
4289
3177
3152
2009
266
4624
2740
2159
1870
4011
3645
374
2814
2700
1901
1975
192
3924
3580
4186
994
2078
2854
406
1938
3179
3004
1139
4347
3388
4582
4250
3344
2272
3552
3758
4801
744
3955
